480 2040
180
20 416
161
2008 2040 432 400 b
1976 2008 432 400 b
1944 1976 432 400 c
1912 1944 432 400 b
1880 1912 432 400 b
2008 2040 400 368 b
1976 2008 400 368 b
1944 1976 400 368 z
1912 1944 400 368 b
1880 1912 400 368 b
2008 2040 368 336 d
1976 2008 368 336 a
1944 1976 368 336 a
1912 1944 368 336 a
1880 1912 368 336 d
1976 2008 336 304 f
1944 1976 336 304 b
1912 1944 336 304 e
1976 2008 304 272 d
1944 1976 304 272 d
1912 1944 304 272 d
1950 1976 272 244 g
250 282 80 48 h
250 282 112 80 k
282 314 80 48 i
282 314 112 80 l
314 346 80 48 j
314 346 112 80 m
658 690 100 68 h
658 690 132 100 k
690 722 100 68 i
690 722 132 100 l
722 754 100 68 i
722 754 132 100 l
754 786 100 68 j
754 786 132 100 m
1050 1082 80 48 h
1050 1082 112 80 k
1082 1114 80 48 i
1082 1114 112 80 l
1114 1146 80 48 j
1114 1146 112 80 m
100 132 432 400 n
132 164 432 400 o
164 192 432 400 r
400 432 432 400 n
432 464 432 400 o
464 492 432 400 r
836 868 432 400 n
868 900 432 400 o
900 932 432 400 r
1200 1232 432 400 n
1232 1264 432 400 o
1264 1292 432 400 r
1600 1632 432 400 n
1632 1664 432 400 o
1664 1692 432 400 r
1632 1664 336 304 y
1238 1270 100 68 h
1238 1270 132 100 k
1270 1302 100 68 i
1270 1302 132 100 l
1302 1334 100 68 i
1302 1334 132 100 l
1334 1366 100 68 j
1334 1366 132 100 m
1750 1782 50 18 h
1750 1782 82 50 k
1782 1814 50 18 i
1782 1814 82 50 l
1814 1846 50 18 j
1814 1846 82 50 m
1700 1732 432 400 p
1732 1764 432 400 p
1700 1732 400 368 p
1732 1764 400 368 p
1700 1732 368 336 p
1732 1764 368 336 p
1700 1732 336 304 p
1732 1764 336 304 p
1700 1732 304 272 p
1732 1764 304 272 p
1700 1732 272 240 p
1732 1764 272 240 p
1700 1732 240 208 p
1732 1764 240 208 p
1700 1732 208 176 p
1732 1764 208 176 p
1732 1764 176 144 p
1636 1668 272 240 p
1668 1700 272 240 p
100 132 400 368 t
132 164 400 368 u
164 192 400 368 v
132 164 432 400 w
280 312 368 336 t
312 344 368 336 u
344 372 368 336 v
312 344 432 400 w
312 344 400 368 w
460 492 336 304 t
492 524 336 304 u
524 552 336 304 v
492 524 432 400 w
492 524 400 368 w
492 524 368 336 w
584 616 464 432 x
552 584 464 432 x
584 616 496 464 x
552 584 496 464 x
616 640 464 432 x
616 640 496 464 x
640 672 304 272 t
672 704 304 272 u
704 736 304 272 u
736 768 304 272 u
768 800 304 272 v
672 704 432 400 w
672 704 400 368 w
672 704 368 336 w
672 704 336 304 w
640 672 118 86 y
768 800 118 86 y
640 672 218 186 p
672 704 218 186 p
704 736 218 186 q
736 768 218 186 p
768 800 218 186 p
640 672 368 336 y
704 736 432 400 w
704 736 400 368 w
704 736 368 336 w
704 736 336 304 w
736 768 432 400 w
736 768 400 368 w
736 768 368 336 w
736 768 336 304 w
900 932 368 336 t
932 964 368 336 u
964 996 368 336 v
932 964 432 400 w
932 964 400 368 w
1050 1082 336 304 y
1110 1142 336 304 y
1268 1300 432 400 p
1300 1332 432 400 p
1332 1364 432 400 p
1300 1332 400 368 p
1332 1364 400 368 p
1332 1364 368 336 p
1364 1396 464 432 x
1396 1428 464 432 x
1364 1396 496 464 x
1396 1428 496 464 x
1428 1460 432 400 p
1460 1492 432 400 p
1492 1524 432 400 p
1428 1460 400 368 p
1460 1492 400 368 p
1428 1460 368 336 p
1530 1562 310 274 p
2
700 732 432 400 642 840 a
230 262 432 386 192 552 b