480 1340
100
20 416
90
1308 1340 432 400 b
1276 1308 432 400 b
1244 1276 432 400 c
1212 1244 432 400 b
1180 1212 432 400 b
1308 1340 400 368 b
1276 1308 400 368 b
1244 1276 400 368 z
1212 1244 400 368 b
1180 1212 400 368 b
1308 1340 368 336 d
1276 1308 368 336 a
1244 1276 368 336 a
1212 1244 368 336 a
1180 1212 368 336 d
1276 1308 336 304 f
1244 1276 336 304 b
1212 1244 336 304 e
1276 1308 304 272 d
1244 1276 304 272 d
1212 1244 304 272 d
1250 1276 272 244 g
100 132 120 88 h
100 132 152 120 k
132 164 120 88 i
132 164 152 120 l
164 196 120 88 i
164 196 152 120 l
196 228 120 88 i
196 228 152 120 l
228 260 120 88 j
228 260 152 120 m
500 532 100 68 h
500 532 132 100 k
532 564 100 68 i
532 564 132 100 l
564 596 100 68 i
564 596 132 100 l
596 628 100 68 i
596 628 132 100 l
628 660 100 68 j
628 660 132 100 m
1100 1132 120 88 h
1100 1132 152 120 k
1132 1164 120 88 i
1132 1164 152 120 l
1164 1196 120 88 i
1164 1196 152 120 l
1196 1228 120 88 i
1196 1228 152 120 l
1228 1260 120 88 j
1228 1260 152 120 m
868 900 432 400 p
868 900 400 368 p
1100 1132 432 400 p 
1100 1132 400 368 p
1132 1164 464 432 x
1132 1164 496 464 x
836 868 464 432 x
836 868 496 464 x
804 836 464 432 x
804 836 496 464 x
772 804 464 432 x
772 804 496 464 x
740 772 464 432 x
740 772 496 464 x
708 740 464 432 x
708 740 496 464 x
676 708 464 432 x
676 708 496 464 x
644 676 464 432 x
644 676 496 464 x
612 644 464 432 x
612 644 496 464 x
644 676 400 368 t
676 708 400 368 u
708 740 400 368 u
740 772 400 368 v
200 232 432 400 n
232 264 432 400 o
264 292 432 400 r
948 980 432 400 n
980 1012 432 400 o
1012 1044 432 400 r
100 132 336 304 y
200 232 336 304 y
300 332 336 304 y
400 432 336 304 y
980 1012 336 304 y
740 772 304 272 y
4
100 132 432 400 50 300 a
400 432 432 400 300 500 a
1000 1032 432 400 900 1100 a
644 676 368 322 644 772 b