480 1340
60
20 416
82
1308 1340 432 400 b
1276 1308 432 400 b
1244 1276 432 400 c
1212 1244 432 400 b
1180 1212 432 400 b
1308 1340 400 368 b
1276 1308 400 368 b
1244 1276 400 368 z
1212 1244 400 368 b
1180 1212 400 368 b
1308 1340 368 336 d
1276 1308 368 336 a
1244 1276 368 336 a
1212 1244 368 336 a
1180 1212 368 336 d
1276 1308 336 304 f
1244 1276 336 304 b
1212 1244 336 304 e
1276 1308 304 272 d
1244 1276 304 272 d
1212 1244 304 272 d
1250 1276 272 244 g
250 282 80 48 h
250 282 112 80 k
282 314 80 48 i
282 314 112 80 l
314 346 80 48 j
314 346 112 80 m
638 670 100 68 h
638 670 132 100 k
670 702 100 68 i
670 702 132 100 l
702 734 100 68 i
702 734 132 100 l
734 766 100 68 j
734 766 132 100 m
1150 1182 80 48 h
1150 1182 112 80 k
1182 1214 80 48 i
1182 1214 112 80 l
1214 1246 80 48 j
1214 1246 112 80 m
100 132 432 400 n
132 164 432 400 o
164 192 432 400 r
400 432 432 400 n
432 464 432 400 o
464 492 432 400 r
900 932 432 400 n
932 964 432 400 o
964 992 432 400 r
198 230 432 400 p
198 230 400 368 p
616 648 432 400 p
968 1000 432 400 p
1000 1032 432 400 p
1032 1064 432 400 p
298 330 432 400 p
298 330 400 368 p
298 330 368 336 p
1000 1032 400 368 p
1032 1064 400 368 p
1032 1064 368 336 p
398 430 432 400 p
398 430 400 368 p
398 430 368 336 p
398 430 336 302 p
366 398 432 400 p
800 832 268 236 y
800 832 368 336 q
832 864 368 336 q
864 896 368 336 q
584 616 464 432 x
552 584 464 432 x
584 616 496 464 x
552 584 496 464 x
648 680 464 432 x
680 712 464 432 x
648 680 496 464 x
680 712 496 464 x
616 648 464 432 x
616 648 496 464 x
0